I=[0.5 0.75 0.875 0.9375 0 1 2 4];
s0=0.3535533906;
s1=0.4499881115;
s2=0.6532814824;
s3=0.2548977895;
s4=0.3535533906;
s5=1.2814577239;
s6=0.2705980501;
s7=0.3006724435;
c2=0.92389532511;
c4=0.7071;
c6=0.3826;
                    A0 = I(1)*s0;
                    A1 = I(2)*s1;
                    A2 = I(3)*s2;
                    A3 = I(4)*s3;
                    A4 = I(5)*s4;
                    A5 = I(6)*s5;
                    A6 = I(7)*s6;
                    A7 = I(8)*s7;
                    
                    B0 = A0 + A4;  
                    B4 = A0 - A4;  
                    B2 = A2 - A6;  
                    B6 = A2 + A6;  
                    B1 = A1 + A7;  
                    B5 = A5 - A3;  
                    B3 = A5 + A3;  
                    B7 = A1 - A7;     

                    
                    C0 = B0;     
                    C4 = B4;     
                    C2 = B2;     
                    C6 = B6;     
                    C1 = B5 - B1;
                    C5 = B5 + B1;
                    C3 = B3;     
                    C7 = B7;                         
                    D0 = C0;
                    D4 = C4;
                    D2 = C2;
                    D6 = C6 * c4;
                    D1 = C1 * c4;
                    D5 = C5;
                    D3 = C3 * c6;
                    D7 = C7 * c6;                 
                    D8 = C3 * c2;
                    D9 = C7 * c2;
                    E0 = D0;
                    E4 = D4;
                    E2 = D2;
                    E6 = D6;
                    E1 = D1;
                    E5 = D5;
                    E3 = D9 - D3;
                    E7 = D8 + D7;
                    
                    F0 = E0;
                    F4 = E4;
                    F2 = E2 - E6;
                    F6 = E6;
                    F1 = E1;
                    F5 = E5 - E7;
                    F3 = E3;
                    F7 = E7 - E1;
                    
                    G0 = F0 + F6;
                    G4 = F4 + F2;
                    G2 = F4 - F2;
                    G6 = F0 - F6;
                    G1 = F1 + F3;
                    G5 = F5;
                    G3 = F3;
                    G7 = F7;
                    
                    H0 = G0 + G7;
                    H1 = G4 + G3;
                    H2 = G2 + G5;
                    H3 = G6 + G1;
                    H4 = G6 - G1;
                    H5 = G2 - G5;
                    H6 = G4 - G3;
                    H7 = G0 - G7;