x=[0.5 0.75 0.875 0.9375 0.8125 1 2 4];
m1=0.7071;
m2=0.3826;
m3=0.5412;
m4=1.3066;
s0=0.353606789;
s4=0.353515625;
s6=0.653076171875;
s2=0.2705078125;
s3=0.300537109375;
s5=0.449951171875;
s7=1.28125;
s1=0.2548828125;
                A0 = x(1) + x(8);
                A1 = x(2) + x(7);
                A2 = x(3) + x(6);
                A3 = x(4) + x(5);
                A4 = x(4) - x(5);
                A5 = x(3) - x(6);
                A6 = x(2) - x(7);
                A7 = x(1) - x(8);
                B0 = A0 + A3;
                B1 = A1 + A2;
                B2 = A1 - A2;
                B3 = A0 - A3;
                B4 = A4 + A5;
                B5 = A5 + A6;
                B6 = A6 + A7;
                B7 = A7;
                C0 = B0 + B1;
                C1 = B0 - B1;
                C2 = B2 + B3;
                C3 = B3;
                C4 = B4;
                C5 = B5;
                C6 = B6;
                C7 = B7;
                C8 = B4 - B6;
                D0 = C0;
                D1 = C1;
                D2 = C2 * m1;
                D3 = C3;
                D4 = C4 * m3;
                D5 = C5 * m1;
                D6 = C6 * m4;
                D7 = C7;
                D8 = C8 * m2;
                E0 = D0;
                E1 = D1;
                E2 = D3 - D2;
                E3 = D3 + D2;
                E4 = D4 + D8;
                E5 = D7 - D5;
                E6 = D6 + D8;
                E7 = D5 + D7;
                F0 = E0;
                F1 = E1;
                F2 = E2;
                F3 = E3;
                F4 = E5 - E4;
                F5 = E5 + E4;
                F6 = E7 - E6;
                F7 = E7 + E6;
                
                         G0 = F0 * s0;
                         G4 = F1 * s4;
                         G6 = F2 * s6;
                         G2 = F3 * s2;
                         G3 = F4 * s3;
                         G5 = F5 * s5;
                         G7 = F6 * s7;
                         G1 = F7 * s1;  